SaturatedK=[       107.29 48.34  10.71  20.71  10.9   10.9]./(3600*24);          % Saturation hydraulic conductivity (cm.s^-1);
    SaturatedMC=[      0.420  0.422  0.407  0.397  0.405  0.405];                % Saturated water content;
    ResidualMC=[       0.073  0.13   0.097  0.1  0.075  0.075] ;                % The residual water content of soil;
    Coefficient_n=[    1.38   1.56   1.46   1.56  1.21   1.31];                    % Coefficient in VG model;
    Coefficient_Alpha=[0.0023 0.0057 0.0070 0.0080 0.0040 0.0040];    % Coefficient in VG model;
    % porosity=[         0.5050 0.4906 0.4206 0.5019 0.5019 0.5019];             % Soil porosity;  
    porosity=[       0.5170	0.5358	0.5132	0.4906	0.5245	0.5170];             % Soil porosity;   